8
Lactococcus_phage 0.000 273.693 229.360 272.037 233.527 317.199 234.672 330.937
KM389305.1 273.693 0.000 281.194 367.927 270.697 260.839 280.005 275.353
NC_028697.1 229.360 281.194 0.000 304.733 238.778 310.031 274.862 349.687
KC821626.1 272.037 367.927 304.733 0.000 296.144 398.180 280.166 402.926
coronavirus 233.527 270.697 238.778 296.144 0.000 291.863 255.037 319.174
adenovirus 317.199 260.839 310.031 398.180 291.863 0.000 323.577 254.892
U18337.1 234.672 280.005 274.862 280.166 255.037 323.577 0.000 318.503
herpesvirus 330.937 275.353 349.687 402.926 319.174 254.892 318.503 0.000
